0.5387465151572192
0.7025202721534638
0.7848545910931496
0.689637840074109
0.3091496188959173
0.05397765917023856
0.326388135088882
0.2554274549378025
0.9207901079987046
0.28272751624475834
0.9891858096393865
0.8959546276397333
0.37983891690762817
0.6799046855234187
0.21899411771183375
0.7286106605663101
0.5676849978014866
0.5077989553526028
0.4874306544154454
0.7249919613572389
0.6505076353800605
0.9564345572604689
0.27083150215131735
0.13183066547551237
0.12091238458062825
0.020618034119990858
0.6617761967785013
0.5331632406088226
0.4982279294553559
0.15522162093950032
0.4899151624133945
0.5153750571199789
0.9796574398465744
0.5572926806899288
0.5222324430255
0.5342910499410292
0.8878609553112277
0.8566564768916899
0.22946877474801686
0.6074157911449354
0.7266295323065142
0.44454216287347137
0.22781070481613375
0.12350083231980058
0.9157657040407896
0.6814785141962124
0.11756548462175631
0.9547548703763702
0.27761112226438833
0.000658667586112327
0.6948732111870826
0.5445219383462467
0.3989934226116294
0.8506789025901029
0.4334227134877615
0.25306428775141265
0.8429492889952886
0.38431361788261365
0.08555223240905718
0.5883664457952507
0.09448856392057847
0.08539783081264496
0.3210232170889511
0.1909028532444912
0.13547820568150193
0.5986285266332346
0.14781741418160632
0.2677475364400962
0.6525199607482941
0.28359541707838143
0.4114218273877649
0.6064422082485269
0.4401869142693676
0.5585654918028856
0.741303988298553
0.9170567482855848
0.8987985558321898
0.6956909268287693
0.06738331360890659
0.433434840033058
0.8775739343076598
0.05734014754125749
0.8295618043991675
0.1457320994962914
0.33211789182834073
0.11403003451565585
0.019764663728817022
0.25008462058958947
0.9172988038006675
0.5508108749795998
0.03477674009974663
0.7604362178401793
0.15680788754439556
0.901773664047563
0.0704496323284114
0.7581945297154161
0.939003091446555
0.6279041777905487
0.888390934804578
0.2441728935070251
0.014362143945985784
0.6294504860994793
0.8221821946009759
0.5850436152687155
0.8974798923998842
0.7962453507258452
0.9642917302995594
0.9276727202393475
0.5098394535147355
0.8709021915036839
0.29283155596853483
0.8553468718769004
0.3260342840664192
0.4195177040131851
0.8473334363971817
0.8870307322280131
0.8154351559387475
0.4503881543519255
0.23316768566965984
0.42896035377800745
0.2943026268462372
0.7961790664984582
0.5706828504818783
0.07336169008046678
0.49964877784727335
0.6178505871392788
0.9703729020133122
0.06858234855545564
0.9741914838025979
0.04225342533249277
0.8014417377775347
0.38286844833176226
0.31406192867346483
0.3581283527890363
0.6798802345579072
0.06879817110371667
0.001357828786031079
0.4736179420988844
0.8615957599843672
0.010177455521777068
0.17991487850424015
0.6911913328581435
0.5718296362288475
0.8223262221853062
0.6152882422150567
0.07021352398695835
0.12386050714681973
0.2994003865608649
0.1972789420973139
0.9047219814663269
0.3465019905630774
0.08464918861722537
0.8945006639042554
0.4889875173794863
0.13665152189857976
0.18352819552783994
0.0030906975574651607
0.9497063535035325
0.7117350930079189
0.6088214490443601
0.92629426819795
0.3453078622151655
0.2860182724993803
0.7229029732684652
0.5831329680886482
0.0692789725680013
0.46741002677445964
0.5915835341563671
0.1111849837889336
0.1309740863651664
0.08331594482387217
0.7338732987812718
0.24702417926403974
0.25596214100219083
0.8584021885786867
0.7370726545865888
0.08746881631875147
0.08349756178933088
0.8728129930428538
0.9579751881973579
0.06818043682703456
0.9468166671615945
0.699133559301209
0.9258580380174858
0.6982539266274139
0.13600738862008965
0.6566940033044736
0.2032991453563363
0.29735429336862196
0.8337289481230656
0.5111063709428598
0.33198933262443053
0.31067901591264924
0.9291692689923965
0.19983412466707495
0.6967148526497217
0.26072735120431967
0.27982892000021253
0.9380020069196304
0.09544652354960059
0.5810932275784915
0.5201903182114772
0.7962579432815771
0.49263859846178115
0.02933234275436203
0.7888913196570088
0.2901855666328671
0.6358831988868874
0.3964185355617267
0.8004683748990624
0.3668334078522867
0.8397495348746449
0.408868908042171
0.4667568142104357
0.607339921764212
0.7769929057060287
0.02279867064093344
0.44700730933470434
0.13968927854750046
0.035590563380147655
0.6371512225252247
0.9538130251979269
0.4415890561512228
0.6548828984496685
0.5278826877386473
0.09239845792382961
0.7545366397162948
0.7983702578302585
0.4207556833484921
0.9178800919986393
0.7394795048874868
0.3717233080165573
0.708010894064053
0.25400785055694486
0.5430449836543881
0.5019034191537437
0.42408481880587945
0.5875712639953135
0.39390014485100344
0.8862351113257514
0.6512692647649423
0.07359563580819994
0.4462156116912216
0.8901234779616869
0.032072846419985424
0.23786879200730637
0.5581180513589715
0.5017010523642182
0.31147535765045253
0.1373036584458771
0.5247401639419949
0.8282152700336294
0.14363759505949247
0.4312184472780739
0.16232469203250321
0.42549682800262667
0.34106496890922877
0.8776341384145218
0.9805628297150539
0.24694136505749653
0.864622012533553
0.207031948073074
0.46566240836511064
0.5385255744690212
0.8271423228363146
0.24364791261678476
0.42779259554845606
0.6508121359491419
0.6938431709322261
0.5047323175574486
0.8045208774587311
0.17651862896156023
0.8713220665730218
0.7025300112523428
0.005653068126845517
0.6112371307743013
0.5413539333077044
0.46910052022901916
0.644794025985376
0.008915056253336995
0.05595252940702089
0.7750278139819674
0.27903918727461485
0.2822051645582223
0.3399862064821686
0.1048222126588948
0.2671940572742001
0.7959549855561269
0.0918718332714995
0.4049584801172973
0.8169111790495314
0.12951986103466673
0.08315589675345991
0.4023298679866014
0.7714851471654092
0.8557718913617363
0.9261690825830728
0.43741847570172065
0.8964097794539339
0.814920271448039
0.8168551737738502
0.9141878212437735
0.6753753184165947
0.9759575178799641
0.8467109588805302
0.8583527602287578
0.7537360741330613
0.2333737680715673
0.4020886190370464
0.17357216153471722
0.18947148168543892
0.8798835824178787
0.4617378383681313
0.1818400786656882
0.7647875562553399
0.6707971089802232
0.2984994470592396
0.7461849399748453
0.4822304054367985
0.14049943654876662
0.5289224663284285
0.7825506477102996
0.9036645263635399
0.03642551552548012
0.2460695671060984
0.6981997661795663
0.898376325005631
0.6008389384347924
0.29518080402996216
0.5751836124678534
0.12369345686436317
0.04407912846769657
0.03038902366115137
0.856251116146682
0.4210693523618819
0.5235920447111606
0.3380847938512819
0.4679104658077461
0.014093075189023252
0.8798664402840026
0.6943505606224416
0.295534196164876
0.9085258988483746
0.3262445730603124
0.5814912523681326
0.7337421332632812
0.728444033957786
0.11246237838328643
0.3064967790263792
0.6062179325727832
0.8209964789910216
0.6867200184808028
0.7532005327088542
0.5842012245365985
0.056813180973632416
0.2988154101070222
0.8594801072067896
0.8608273510578749
0.6228803444347955
0.09537678609052469
0.212404896281834
0.15184572231448457
0.747196944130713
0.9730136238928204
0.9376768790747754
0.6505306244549126
0.40683013465448836
0.5157656531959144
0.10556113073527484
0.2144457404159782
0.6378976200114359
0.733772904933592
0.7000426695296195
0.37357878267989764
0.5857469952342278
0.7039690786511946
0.34047831076543256
0.4665120123814873
0.23109536311113477
0.35256010124863957
0.5432799462498511
0.8479105223137822
0.2605115070835461
0.3650326253057474
0.04778729238506618
0.516270565774129
0.9383158402536972
0.8378406908702343
0.5938276045642682
0.5199322550564381
0.01611980188221518
0.4371724372446585
0.214512246163991
0.22169454676839784
0.1741552444340313
0.3816108759888823
0.13812040305008644
0.49810448712270927
0.527433962776634
0.5934205677874913
